Edge	8	2	15	0	0	0	61	-1
	Sequence	+edge_5_0_+disjointig_2_1136470_1174897 38427 2 2973672 1136470 1174897
Edge	9	24	1	0	0	0	61	-1
	Sequence	-edge_5_0_+disjointig_2_1136470_1174897 38427 -2 2973672 1798774 1837201
Edge	10	21	12	0	0	0	76	-1
	Sequence	+edge_6_0_-disjointig_2_155588_339268 183680 -2 2973672 155588 339268
Edge	11	19	18	0	0	0	76	-1
	Sequence	-edge_6_0_-disjointig_2_155588_339268 183680 2 2973672 2634403 2818083
Edge	12	27	9	0	0	0	70	-1
	Sequence	+edge_7_0_+disjointig_2_1179976_2396741 1216765 2 2973672 1179976 2396741
Edge	13	13	14	0	0	0	70	-1
	Sequence	-edge_7_0_+disjointig_2_1179976_2396741 1216765 -2 2973672 576930 1793695
Edge	14	10	25	0	0	0	71	-1
	Sequence	+edge_8_0_-disjointig_2_344432_570263 225831 -2 2973672 344432 570263
Edge	15	8	29	0	0	0	71	-1
	Sequence	-edge_8_0_-disjointig_2_344432_570263 225831 2 2973672 2403408 2629239
Edge	20	0	17	0	0	0	96	-1
	Sequence	+edge_11_0_-disjointig_2_1842532_2300149 457617 -2 2973672 1842532 2300149
Edge	21	28	3	0	0	0	96	-1
	Sequence	-edge_11_0_-disjointig_2_1842532_2300149 457617 2 2973672 673522 1131139
Edge	26	26	26	1	0	0	510	-1
	Sequence	+edge_14_0_+disjointig_1_37267_96813 59546 1 156495 37267 96813
	Sequence	+edge_14_1_+disjointig_1_96813_156492 59679 1 156495 96813 156492
Edge	27	11	11	1	0	0	510	-1
	Sequence	-edge_14_0_+disjointig_1_37267_96813 59546 -1 156495 59681 119227
	Sequence	-edge_14_1_+disjointig_1_96813_156492 59679 -1 156495 2 59681
Edge	28	23	5	0	0	0	85	-1
	Sequence	+edge_15_0_+disjointig_2_2823286_2932126 108840 2 2973672 2823286 2932126
Edge	29	6	20	0	0	0	85	-1
	Sequence	-edge_15_0_+disjointig_2_2823286_2932126 108840 -2 2973672 41545 150385
Edge	30	4	16	0	0	0	95	-1
	Sequence	+edge_16_0_+disjointig_2_46672_666852 620180 2 2973672 46672 666852
Edge	31	22	7	0	0	0	95	-1
	Sequence	-edge_16_0_+disjointig_2_46672_666852 620180 -2 2973672 2306819 2926999
Edge	32	18	23	0	0	0	80	-1
	Sequence	+edge_17_0_-DRR187567.37845_1444_6564 5120 * 0 0 0
Edge	33	20	21	0	0	0	80	-1
	Sequence	-edge_17_0_-DRR187567.37845_1444_6564 5120 * 0 0 0
Edge	34	15	27	0	0	0	65	-1
	Sequence	+edge_18_0_+DRR187567.46832_27347_32371 5024 * 0 0 0
Edge	35	14	24	0	0	0	65	-1
	Sequence	-edge_18_0_+DRR187567.46832_27347_32371 5024 * 0 0 0
Edge	36	17	22	0	0	0	95	-1
	Sequence	+edge_19_0_+DRR187567.13920_14287_20893 6606 * 0 0 0
Edge	37	16	28	0	0	0	95	-1
	Sequence	-edge_19_0_+DRR187567.13920_14287_20893 6606 * 0 0 0
Edge	38	29	19	0	0	0	73	-1
	Sequence	+edge_20_0_-DRR187567.58399_7242_12328 5086 * 0 0 0
Edge	39	12	10	0	0	0	73	-1
	Sequence	-edge_20_0_-DRR187567.58399_7242_12328 5086 * 0 0 0
Edge	40	25	13	0	0	0	70	-1
	Sequence	+edge_21_0_-DRR187567.58672_33888_40524 6636 * 0 0 0
Edge	41	9	8	0	0	0	70	-1
	Sequence	-edge_21_0_-DRR187567.58672_33888_40524 6636 * 0 0 0
Edge	42	7	6	0	0	0	90	-1
	Sequence	+edge_22_0_-DRR187567.27564_5720_10772 5052 * 0 0 0
Edge	43	5	4	0	0	0	90	-1
	Sequence	-edge_22_0_-DRR187567.27564_5720_10772 5052 * 0 0 0
Edge	44	3	2	0	0	0	78	-1
	Sequence	+edge_23_0_+DRR187567.39780_4446_9717 5271 * 0 0 0
Edge	45	1	0	0	0	0	78	-1
	Sequence	-edge_23_0_+DRR187567.39780_4446_9717 5271 * 0 0 0
